    0     46.9765      222.39
    0     46.9765      222.39
    0     306.912     336.484
    1     306.912     336.484
    1     306.912     336.484
    1     234.053     111.161
    2     234.053     111.161
    2     234.053     111.161
    2     355.321     63.0162
    3     355.321     63.0162
    3     355.321     63.0162
    4     350.994     265.529
    4     350.994     265.529
    4     209.391     126.713
    5     209.391     126.713
    5     209.391     126.713
    5     128.161     290.612
    6     128.161     290.612
    6     128.161     290.612
    6     115.699     182.073
    7     115.699     182.073
    7     115.699     182.073
    7     148.285     358.196
    8     148.285     358.196
    8     148.285     358.196
    8     232.669     10.1185
    9     232.669     10.1185
    9     232.669     10.1185
    9      155.27     217.817
   10      155.27     217.817
   10      155.27     217.817
   10     159.191     167.465
   11     159.191     167.465
   11     159.191     167.465
   11     289.751     88.6732
   12     289.751     88.6732
   12     289.751     88.6732
   12     351.086     112.132
   13     351.086     112.132
   13     351.086     112.132
   13      344.09     74.2173
   14      344.09     74.2173
   14      344.09     74.2173
   14     151.195     133.669
   15     151.195     133.669
   15     151.195     133.669
   15      197.94     200.766
   16      197.94     200.766
   16      197.94     200.766
   16     329.169     150.658
   17     329.169     150.658
   17     329.169     150.658
   17     21.5114     230.907
   18     21.5114     230.907
   18     21.5114     230.907
   18     164.644      104.52
   19     164.644      104.52
   19     164.644      104.52
   19      70.846     317.343
   20      70.846     317.343
   20      70.846     317.343
   20     120.432     323.786
   21     120.432     323.786
   21     120.432     323.786
   21      141.43     24.0702
   22      141.43     24.0702
   22      141.43     24.0702
   22     61.2178     140.213
   23     61.2178     140.213
   23     61.2178     140.213
   23     63.9531     219.526
   24     63.9531     219.526
   24     63.9531     219.526
   24     28.2162     146.918
   25     28.2162     146.918
   25     28.2162     146.918
   25     87.6621     16.3761
   26     87.6621     16.3761
   26     87.6621     16.3761
   26     304.944     102.738
   27     304.944     102.738
   27     304.944     102.738
   27     53.2604     190.558
   28     53.2604     190.558
   28     53.2604     190.558
   28     357.884     265.085
   29     357.884     265.085
   29     357.884     265.085
   29     103.183     318.449
   30     103.183     318.449
   30     103.183     318.449
   30     131.288     263.487
   31     131.288     263.487
   31     131.288     263.487
   31      214.87     134.324
   32      214.87     134.324
   32      214.87     134.324
   32     68.1776     327.577
   33     68.1776     327.577
   33     68.1776     327.577
   33     221.038     12.9138
   34     221.038     12.9138
   34     221.038     12.9138
   34     128.374     236.063
   35     128.374     236.063
   35     128.374     236.063
   35     339.222     219.622
   36     339.222     219.622
   36     339.222     219.622
   36      353.77     297.791
   37      353.77     297.791
   37     51.3897     197.388
   38     51.3897     197.388
   38     51.3897     197.388
   38     213.508     167.148
   39     213.508     167.148
   39     213.508     167.148
   39      310.38     136.621
   40      310.38     136.621
   40      310.38     136.621
   40     195.112     184.258
   41     195.112     184.258
   41     195.112     184.258
   41     42.1662      62.334
   42     42.1662      62.334
   42     42.1662      62.334
   42     294.287     150.637
   43     294.287     150.637
   43     294.287     150.637
   43     203.984     155.422
   44     203.984     155.422
   44     203.984     155.422
   44     112.047     244.015
   45     112.047     244.015
   45     112.047     244.015
   45      251.12     176.223
   46      251.12     176.223
   46      251.12     176.223
   46     53.8734     240.713
   47     53.8734     240.713
   47     53.8734     240.713
   47     205.655     272.818
   48     205.655     272.818
   48     205.655     272.818
   48     354.347     199.807
   49     354.347     199.807
   49     354.347     199.807
   49    0.354064     20.9108
   50    0.354064     20.9108
   50    0.354064     20.9108
   50     166.454     313.535
   51     166.454     313.535
   51     166.454     313.535
   51     273.381     125.486
   52     273.381     125.486
   52     273.381     125.486
   52     258.767     220.922
   53     258.767     220.922
   53     258.767     220.922
   53     302.936     292.061
   54     302.936     292.061
   54     302.936     292.061
   54     350.163      16.517
   55     350.163      16.517
   55     350.163      16.517
   55     64.6605     39.9349
   56     64.6605     39.9349
   56     129.091     204.762
   57     129.091     204.762
   57     129.091     204.762
   57     80.8311     31.6242
   58     80.8311     31.6242
   58     80.8311     31.6242
   58     197.665     177.771
   59     197.665     177.771
   59     197.665     177.771
   59      331.15     173.787
   60      331.15     173.787
   60      331.15     173.787
   60     165.557     292.238
   61     165.557     292.238
   61     165.557     292.238
   61     327.236     101.966
   62     327.236     101.966
   62     327.236     101.966
   62     268.541     205.345
   63     268.541     205.345
   63     268.541     205.345
   63     311.877     236.228
   64     311.877     236.228
   64     311.877     236.228
   64     321.616     100.777
   65     321.616     100.777
   65     321.616     100.777
   65     242.861     14.5974
   66     242.861     14.5974
   66     242.861     14.5974
   66     135.106     34.7234
   67     135.106     34.7234
   67     135.106     34.7234
   67     226.698     246.405
   68     226.698     246.405
   68     226.698     246.405
   68     285.396     336.624
   69     285.396     336.624
   69     285.396     336.624
   69     247.488      93.451
   70     247.488      93.451
   70     247.488      93.451
   70     42.4424     331.137
   71     42.4424     331.137
   71     42.4424     331.137
   71     234.683     110.488
   72     234.683     110.488
   73     203.505      181.07
   73     203.505      181.07
   73     353.207     129.351
   74     353.207     129.351
   74     353.207     129.351
   74     186.632      354.05
   75     186.632      354.05
   75     186.632      354.05
   75     145.779     35.2947
   76     145.779     35.2947
   76     145.779     35.2947
   76      320.91     88.6062
   77      320.91     88.6062
   77      320.91     88.6062
   77     262.547     144.159
   78     262.547     144.159
   78     262.547     144.159
   78     128.957     17.2834
   79     128.957     17.2834
   79     128.957     17.2834
   79     73.0696     287.988
   80     73.0696     287.988
   80     73.0696     287.988
   80     51.5497     23.9029
   81     51.5497     23.9029
   81     51.5497     23.9029
   81     224.513     50.7859
   82     224.513     50.7859
   82     224.513     50.7859
   82     76.1286     121.124
   83     76.1286     121.124
   83     76.1286     121.124
   83     73.1565     117.853
   84     73.1565     117.853
   84     73.1565     117.853
   84     110.729     251.496
   85     110.729     251.496
   85     110.729     251.496
   85     165.231     27.2874
   86     165.231     27.2874
   86     165.231     27.2874
   86     120.071     195.526
   87     120.071     195.526
   87     120.071     195.526
   87     344.325     131.134
   88     344.325     131.134
   88     344.325     131.134
   88     184.156     61.4692
   89     184.156     61.4692
   89     184.156     61.4692
   89      178.31     123.634
   90      178.31     123.634
   90     267.948     28.5646
   91     267.948     28.5646
   91     267.948     28.5646
   91     163.264      322.13
   92     163.264      322.13
   92     163.264      322.13
   92     140.215     327.941
   93     140.215     327.941
   93     140.215     327.941
   93     45.9357     30.0711
   94     45.9357     30.0711
   94     45.9357     30.0711
   94     37.8538     113.501
   95     37.8538     113.501
   95     37.8538     113.501
   95      235.88     281.662
   96      235.88     281.662
   96      235.88     281.662
   96     107.808     298.004
   97     107.808     298.004
   97     107.808     298.004
   97     287.582     356.147
   98     287.582     356.147
   98     287.582     356.147
   98      293.92     230.792
   99      293.92     230.792
   99      293.92     230.792
   99     306.571     272.957
  100     306.571     272.957
  100     306.571     272.957
  100     117.189     199.125
  101     117.189     199.125
  101     117.189     199.125
